0
1
1
2
2
3
3
4
4
5
5
6
6
7
7
8
8
9
9
10
10
11
11
12
12
13
13
14
14
15
15
16
16
17
17
18
18
19
19
20
20
21
21
22
22
23
23
24
24
25
25
26
26
27
27
28
28
29
29
30
30
31
33
34
36
37
39
40
42
43
44
46
47
49
50
52
53
55
56
57
59
60
62
63
65
66
68
69
70
72
73
75
76
78
79
81
82
83
85
86
88
89
91
92
94
95
96
98
99
101
102
104
105
107
108
109
111
112
114
115
117
118
120
121
122
124
125
127
128
130
131
133
134
135
137
138
140
141
143
144
146
147
148
150
151
153
154
156
157
159
160
161
163
164
166
167
169
170
172
173
174
176
177
179
180
182
183
185
186
187
189
190
192
193
195
196
198
199
200
202
203
205
206
208
209
211
212
213
215
216
218
219
221
222
224
225
226
226
227
227
228
228
229
229
230
230
231
231
232
232
233
233
234
234
235
235
236
236
237
237
238
238
239
239
240
240
241
241
242
242
243
243
244
244
245
245
246
246
247
247
248
248
249
249
250
250
251
251
252
252
253
253
254
254
255
255
